[PROPERTIES]
MainWidth=1024
MainHeight=768
[PLACEMENT]
ScreenTOP=6.035497
ScreenLEFT=197
MnuTOP=6.035497
MnuLEFT=8
AdminTOP=6.035497
AdminLEFT=679
MapEditorTOP=6.9849
MapEditorLEFT=677
InvTOP=5.967682
InvLEFT=677
SpellsTOP=357.9931
SpellsLEFT=678
EquipTOP=316.0159
EquipLEFT=77
ChatTOP=544.0085
ChatLEFT=26
ChatWIDTH=900
ChatHEIGHT=217
